2D-Gaussian β sweep — knob or switch?
condition = GMM component (4 classes, chance = 0.25); LOWER cls_acc = better removal
dist_r2 = preserved residual factor (HIGHER = better); S = straightness integral (LOWER = straighter)
3 seeds per β, 20001 iterations each

         cfm_loss               kl         straightness         cls_acc_mlp         dist_r2_mlp
             mean     std     mean     std         mean     std        mean     std        mean     std
beta
0.000      2.0176  0.0825  21.0277  0.8897       0.0541  0.0006      1.0000  0.0000      0.9110  0.1203
0.001      2.0190  0.0817   8.7459  0.1390       0.0604  0.0020      1.0000  0.0000      0.9732  0.0189
0.010      2.0344  0.0838   5.6044  0.0595       0.1186  0.0015      0.9839  0.0169      0.9699  0.0217
0.050      2.1120  0.0857   2.5468  0.0201       0.4064  0.0075      0.4249  0.0172      0.7448  0.0130
0.100      2.1946  0.0893   1.3925  0.0077       0.7250  0.0077      0.3217  0.0112      0.9340  0.0076
0.500      2.4453  0.0927   0.1283  0.0024       1.7020  0.0097      0.2943  0.0107      0.9665  0.0091
1.000      2.5089  0.0938   0.0355  0.0014       1.9466  0.0095      0.2820  0.0060      0.9781  0.0028
2.000      2.5452  0.0934   0.0093  0.0005       2.0875  0.0137      0.2836  0.0033      0.9780  0.0047
5.000      2.5681  0.0932   0.0016  0.0000       2.1758  0.0142      0.2811  0.0029      0.9815  0.0045
10.000     2.5759  0.0904   0.0004  0.0000       2.2059  0.0170      0.2803  0.0054      0.9842  0.0023
50.000     2.5832  0.0877   0.0000  0.0000       2.2349  0.0205      0.2810  0.0027      0.9795  0.0077
100.000    2.5824  0.0880   0.0000  0.0000       2.2364  0.0208      0.2791  0.0031      0.9807  0.0065
1000.000   2.5838  0.0884   0.0000  0.0000       2.2409  0.0245      0.2879  0.0183      0.9771  0.0176
